20  40
200
17  16
8   21
8   13
11  31
1   0
10  12
14  30
17  0
9   30
16  10
5   5
9   17
9   9
19  26
6   30
13  25
5   37
16  29
0   6
14  33
7   39
6   11
18  32
7   31
0   11
1   24
5   29
5   6
8   16
4   19
1   11
12  37
19  6
10  35
8   5
14  9
12  15
12  24
12  38
5   9
16  30
9   18
10  33
3   27
13  36
9   32
10  30
15  29
7   6
1   29
3   37
8   33
14  36
16  10
19  13
5   12
5   13
15  31
4   18
0   36
2   22
5   1
11  31
12  19
14  11
17  1
3   25
13  24
16  38
9   23
12  38
7   32
8   14
6   14
0   37
14  16
10  3
10  12
11  19
6   16
8   20
16  10
10  36
2   34
3   8
3   17
5   8
1   12
14  37
17  22
10  8
5   31
13  24
16  12
9   18
7   35
14  10
3   17
12  35
5   30
2   17
13  22
9   9
3   25
13  4
7   34
3   13
0   10
19  11
9   14
13  7
17  25
19  5
2   25
7   25
17  17
16  9
8   17
0   23
6   38
16  22
16  17
4   9
12  0
17  8
4   14
10  4
16  17
0   10
9   24
19  39
15  34
19  13
6   5
14  27
8   11
6   34
3   35
17  16
16  31
7   1
16  2
18  5
13  21
17  21
15  16
15  11
17  22
12  6
6   17
19  31
7   8
15  31
8   18
2   32
10  31
19  36
15  37
5   11
12  37
6   37
4   12
9   31
2   7
13  12
18  31
4   27
19  11
8   28
17  38
13  3
4   30
4   29
8   30
18  39
4   14
11  33
7   24
0   31
2   12
17  11
6   6
11  39
4   27
10  36
12  8
11  27
5   6
14  27
17  30
8   7
5   29
7   33
4   30
10  26
11  31
17  14
2   27
11  5
1   21